9.595240380430759330e+00
2.493879957356415389e+01
5.955231053795647966e+01
1.306547107157449545e+02
2.633630934239474755e+02
4.877397397041299882e+02
8.298980708203902168e+02
1.297372694857599527e+03
1.863408778116272970e+03
2.458979488823566498e+03
2.981295748171553896e+03
3.320921429872612862e+03
3.398721087230413559e+03
3.195772364848280176e+03
2.760829158775539781e+03
2.191324098618916196e+03
1.598001129356396405e+03
1.070658414179978536e+03
6.590648839680261517e+02
3.727423987149866775e+02
1.936835802604566368e+02
9.246560140149095730e+01
4.055748145817527472e+01
1.634425552292033501e+01
6.051495209410085785e+00
2.058560473954056835e+00
6.433805846498927838e-01
1.847462610426178764e-01
4.874013748680941505e-02
1.181411591066676078e-02
2.630989352357379629e-03
5.383197813773066016e-04
1.011963789698222370e-04
1.747805058841577153e-05
2.773475901767876803e-06
4.043516194642568403e-07
5.416233292516107476e-08
6.665595012855062398e-09
7.536745836700999540e-10
7.829467063985145194e-11
7.472809630098104884e-12
6.552982699643994426e-13
5.279557321156057507e-14
3.908043444146352776e-15
2.657814349639799600e-16
1.660708032269770863e-17
9.533784170195218222e-19
5.028526360709867717e-20
2.436798012356959922e-21
1.084929998731508744e-22
4.437999911370875095e-24
1.667923954839930148e-25
5.759285240416070780e-27
1.827108407790000928e-28
5.325537280587274080e-30
1.426152369414690665e-31
3.508906627935082879e-33
7.931970332897982452e-35
1.647379798529315620e-36
3.143473302698850458e-38
5.510984657292128098e-40
8.876709616176032098e-42
1.313645581983455542e-43
1.786108311765145325e-45
2.231211598496986328e-47
2.560808552847649646e-49
2.700330052811679875e-51
2.616133930250493163e-53
2.328662140883564216e-55
1.904392125344938464e-57
1.430901229664812457e-59
9.877938597711796990e-62
6.265076422394079417e-64
3.650814856112122318e-66
1.954594312422451886e-68
9.614502965216696036e-71
4.345106545277215976e-73
1.804169796284690313e-75
6.882683060631696510e-78
2.412356674225098944e-80
7.768347670656781248e-83
2.298365921502298507e-85
6.247598019938060989e-88
1.560308121321771707e-90
3.580230968159242988e-93
7.547708275608532355e-96
1.461916449029352027e-98
2.601557233872414945e-101
4.253511411144723199e-104
6.389475440630254752e-107
8.818326883783902627e-110
1.118177031805117108e-112
1.302681742667636004e-115
1.394342519505588290e-118
1.371210092462810229e-121
1.238916156562764982e-124
1.028450082717043179e-127
7.843825144234235430e-131
5.496370189341756531e-134
3.538567077933511478e-137
2.093062877713384615e-140
1.137471445518152004e-143
5.679395546768534699e-147
2.605356246150630832e-150
1.098083838461966287e-153
4.252137202639108041e-157
1.512803165017483262e-160
4.944939300544226057e-164
1.485056205643279518e-167
4.097587179287789252e-171
1.038764021568126083e-174
2.419407269879899703e-178
5.177313326785980805e-182
1.017895752146314080e-185
1.838677410435575227e-189
3.051484472344631561e-193
4.652862019045121741e-197
6.518273340601317547e-201
8.389737033844528341e-205
9.921275606119531512e-209
1.077928774422042066e-212
1.076009242209916003e-216
9.868367708491728627e-221
8.315302076338628106e-225
6.437453774152660658e-229
4.578820321534668071e-233
2.992240281913063479e-237
1.796564087732930216e-241
9.910426581494220181e-246
5.022794017985671645e-250
2.338846790094208971e-254
1.000602455335613323e-258
3.933007189783386988e-263
1.420336676877017885e-267
4.712607268613706226e-272
1.436595762635977999e-276
4.023567568237865539e-281
1.035360046721941505e-285
2.447794139665357511e-290
5.316940064485534890e-295
1.061089517577674837e-299
1.945564660485860397e-304
3.277499992608300910e-309
5.072745279377357086e-314
7.236283075249233385e-319
0.000000000000000000e+00
0.000000000000000000e+00
0.000000000000000000e+00
0.000000000000000000e+00
0.000000000000000000e+00
