4.795230822959475187e-05
1.208953990404739364e-04
2.976321211576205428e-04
7.155164065107037048e-04
1.679690105202189801e-03
3.850423522627751793e-03
8.619014479653356459e-03
1.883980872939647333e-02
4.021287638475030957e-02
8.381534922506737872e-02
1.705892852066648036e-01
3.390390406863961759e-01
6.579871952722808892e-01
1.246966953716865278e+00
2.307608961687589666e+00
4.170030774519457140e+00
7.358445433614472897e+00
1.267951547046267358e+01
2.133482145066624369e+01
3.505460984977997185e+01
5.624333098033440592e+01
8.811841968162568151e+01
1.348131128407939059e+02
2.014036532819256422e+02
2.938138891190268964e+02
4.185497339264812808e+02
5.822259913861281575e+02
7.908714142961679272e+02
1.049034903650127035e+03
1.358763176879254388e+03
1.718570567465770637e+03
2.122563741605334599e+03
2.559905203656331196e+03
3.014788123032436943e+03
3.467045001098917055e+03
3.893426067200024590e+03
4.269471868035967418e+03
4.571788710632767106e+03
4.780440487644687892e+03
4.881119627756721457e+03
4.866769276516053651e+03
4.738401251988329022e+03
4.504978073745393885e+03
4.182378171487030158e+03
3.791610239741896748e+03
3.356555605443716104e+03
2.901574831290135080e+03
2.449308418567882200e+03
2.018937828954506358e+03
1.625070424101999151e+03
1.277294957433264472e+03
9.803473506189727686e+02
7.347482017962094005e+02
5.377332047300189970e+02
3.842951895308005419e+02
2.681839679085817920e+02
1.827554960731481515e+02
1.216123978155837051e+02
7.902327546806145619e+01
5.014203699428644967e+01
3.106838580036170683e+01
1.879772000930460507e+01
1.110609627964120172e+01
6.407482993417257688e+00
3.609800998736333977e+00
1.985860922362550074e+00
1.066802855550924578e+00
5.596149134072819775e-01
2.866580619439694777e-01
1.433866807915816499e-01
7.003630627207924064e-02
3.340468843676006050e-02
1.555827301672492446e-02
7.075955964063244258e-03
3.142524160116718333e-03
1.362830672967724937e-03
5.771317199902966993e-04
2.386589687846725103e-04
9.637188320514981942e-05
3.800079671408838807e-05
1.463203828846081962e-05
5.501571053925190270e-06
2.019939650502975756e-06
7.242021882312727996e-07
2.535426596337483469e-07
8.667862655893631410e-08
2.893628486634041448e-08
9.432857892441782930e-09
3.002711331032004382e-09
9.333695842346839833e-10
2.833110257513978846e-10
8.397365937069974518e-11
2.430482241645964494e-11
6.869285959884096846e-12
1.895834883549738001e-12
5.109274013152682048e-13
1.344583105076597134e-13
3.455300919224088672e-14
8.670694244825764009e-15
2.124670748214541268e-15
5.083925479304038889e-16
1.187890704236609522e-16
2.710338674072966418e-17
6.038657679861776315e-18
1.313793262434725389e-18
2.791151565279749463e-19
5.790413530909829889e-20
1.173020255599856503e-20
2.320444646812521929e-21
4.482359494724063410e-22
8.454967205167881939e-23
1.557352557503741257e-23
2.801120061420399301e-24
4.919786743659880007e-25
8.437826721701808105e-26
1.413138399043349245e-26
2.311045857597802126e-27
3.690644375415226368e-28
5.755268717112359486e-29
8.763927639025047859e-30
1.303171971813676347e-30
1.892232288692868521e-31
2.682976925663199586e-32
3.714746625540091339e-33
5.022399170280335586e-34
6.630755693580980208e-35
8.548395315682178235e-36
1.076157753311002941e-36
1.322930565817849677e-37
1.588063752570883495e-38
1.861523769324157582e-39
2.130781950861391022e-40
2.381656931821246494e-41
2.599496084920420502e-42
2.770568566485618610e-43
2.883489724254295022e-44
2.930472728076789537e-45
2.908216476086073881e-46
2.818289142759150255e-47
2.666945464866767308e-48
2.464407337267380915e-49
2.223722660575550807e-50
1.959379323484517022e-51
1.685878182768700714e-52
1.416457768268958139e-53
1.162119640809824873e-54
9.310388906108748738e-56
7.283742334604450579e-57
5.564307165336099088e-58
4.150853340337663730e-59
3.023663464017476863e-60
2.150796326210660201e-61
1.493945967188792810e-62
1.013305185375923300e-63
6.711435339516276374e-65
4.340705545798416457e-66
2.741416438222562229e-67
1.690672425487880867e-68
1.018154527619879098e-69
5.987392028203652092e-71
3.438202590584556973e-72
1.927946606490854300e-73
1.055670320079425915e-74
5.644576867780828322e-76
2.947163583065148103e-77
1.502612035781690363e-78
7.480993109447381088e-80
3.636984220299808403e-81
1.726606411963676840e-82
8.004146934156534085e-84
3.623318622522033653e-85
1.601650561289264179e-86
6.913513017693108743e-88
2.914067250278236873e-89
1.199416795010130669e-90
4.820703846921944710e-92
1.891997458926513728e-93
7.251041922461084718e-95
2.713626388209347736e-96
9.916752220802268415e-98
3.538821367906527714e-99
1.233154778819617190e-100
4.196104642852370611e-102
1.394263314615239843e-103
4.523900677564012328e-105
1.433346178300033849e-106
4.434645358596922490e-108
1.339789183245225955e-109
3.952608590330190335e-111
1.138677983709363651e-112
3.203227672609958025e-114
8.799225795525814450e-116
2.360320004820833369e-117
6.182542106400021076e-119
1.581368373533764297e-120
3.949742521922536350e-122
9.633282417884128250e-124
2.294296646259812814e-125
5.335739500277377180e-127
1.211739979834827754e-128
