1.433457748789550290e-02
2.057708980049324440e-02
2.934237916221613465e-02
4.156416040677619883e-02
5.848641684876538377e-02
8.175293138134002990e-02
1.135178006234855985e-01
1.565802268974142708e-01
2.145468702368280578e-01
2.920248197819588221e-01
3.948477442533095960e-01
5.303369339818905237e-01
7.075976817384109774e-01
9.378497022201182087e-01
1.234788010469340724e+00
1.614967840941814892e+00
2.098203798213621241e+00
2.707969538499282347e+00
3.471779993866614955e+00
4.421533637014480433e+00
5.593787781175796781e+00
7.029935724364325900e+00
8.776251051991785346e+00
1.088376203189896607e+01
1.340791822882863471e+01
1.640801269321188016e+01
1.994632677143118471e+01
2.408697109587876639e+01
2.889440587554665640e+01
3.443163628469093851e+01
4.075809438875606361e+01
4.792723725657408806e+01
5.598391102168376676e+01
6.496155174034285551e+01
7.487931476886686255e+01
8.573924366713015388e+01
9.752360581921644211e+01
1.101925335052107613e+02
1.236821146020406275e+02
1.379030751873906127e+02
1.527401861573021620e+02
1.680525070879607199e+02
1.836745530682791525e+02
1.994184348071186150e+02
2.150769803124275938e+02
2.304277997826764022e+02
2.452382064904228116e+02
2.592708581979902647e+02
2.722899390485689537e+02
2.840676639323141899e+02
2.943908588070373753e+02
3.030673536656905753e+02
3.099319214354904943e+02
3.148515068946337578e+02
3.177295146124876055e+02
3.185089629203247910e+02
3.171743600618763708e+02
3.137522162317955576e+02
3.083101678606045084e+02
3.009547545555161037e+02
2.918279507651849940e+02
2.811026098831646323e+02
2.689770249516825515e+02
2.556688448407945486e+02
2.414086060465958496e+02
2.264331472864450916e+02
2.109791670267317727e+02
1.952771640157239972e+02
1.795459696490896988e+02
1.639880410198342702e+02
1.487856376533740956e+02
1.340979562369658140e+02
1.200592491105791453e+02
1.067779066342574055e+02
9.433644310801943789e+01
8.279229247647832324e+01
7.217929477195768584e+01
6.250973767719550978e+01
5.377680966240350813e+01
4.595732128443503939e+01
3.901455841568326122e+01
3.290114408088453501e+01
2.756180272944918741e+01
2.293594061613296020e+01
1.895997701982627959e+01
1.556938196454926526e+01
1.270039579945249919e+01
1.029142358225309906e+01
8.284112100272274404e+00
6.624129226045611496e+00
5.261674050545607884e+00
4.151751978474004900e+00
3.254251975974338240e+00
2.533863810105811520e+00
1.959871853514997264e+00
1.505859310980690813e+00
1.149353008469082393e+00
8.714345827932687971e-01
6.563393768855614319e-01
4.910598711564408969e-01
3.649662844890562141e-01
2.694532105516784237e-01
1.976179066528246375e-01
1.439731617224048188e-01
1.041955341113144778e-01
7.490813490503500649e-02
5.349598375285518487e-02
3.795121534376107164e-02
2.674499455248884744e-02
1.872283693707240890e-02
1.302006377955590433e-02
8.994289952821716422e-03
6.172100256924720890e-03
4.207376486294520795e-03
2.849063275079301988e-03
1.916483697843855043e-03
1.280620588604759443e-03
8.500571911360730974e-04
5.605161459904861370e-04
3.671473723709549938e-04
2.388938871537499352e-04
1.544123261490284234e-04
9.914508955908478503e-05
6.323721992707097110e-05
4.006698321687742739e-05
2.521812742622943769e-05
1.576708254290607006e-05
9.792693530958673898e-06
6.041785474520704126e-06
3.702889514230708081e-06
2.254387266009088810e-06
1.363416693059700401e-06
8.191076970457503581e-07
4.888388598752676445e-07
2.898029177649080815e-07
1.706680004988986770e-07
9.984211281829518160e-08
5.802133815218843036e-08
3.349454127829527457e-08
1.920757968055725440e-08
1.094166888903217732e-08
6.191655844359917404e-09
3.480505822166034059e-09
1.943525468625547690e-09
1.078078595015949190e-09
5.940498985966461116e-10
3.251679585487668669e-10
1.768092078569523638e-10
9.550240931043356307e-11
5.124318238639142887e-11
