1.105837535545178396e-13
2.770973626437185347e-13
6.861330555546914579e-13
1.678878155203109188e-12
4.059428525848267819e-12
9.699414193340808901e-12
2.290134539624147641e-11
5.343322332090083730e-11
1.231960080247823516e-10
2.806834348972101485e-10
6.319341348932165905e-10
1.405923637848270089e-09
3.090911253779119401e-09
6.715003200876983772e-09
1.441586801723683340e-08
3.058230788926987202e-08
6.411130251465828529e-08
1.328109335930414681e-07
2.718741672861741444e-07
5.499673962008041133e-07
1.099362272597733312e-06
2.171598831444766609e-06
4.238900816222572917e-06
8.176393714529395633e-06
1.558494312760253002e-05
2.935509790329892817e-05
5.463824356065195387e-05
1.004950826342300039e-04
1.826534075603597159e-04
3.280542218039064458e-04
5.822350805781131497e-04
1.021141653079563451e-03
1.769736059068567147e-03
3.030860120163452777e-03
5.129300843394157296e-03
8.577986056779379059e-03
1.417579372845391081e-02
2.314964415551934787e-02
3.735735671511094397e-02
5.957209101719486422e-02
9.387380782687440584e-02
1.461776279146746460e-01
2.249325314254090324e-01
3.420255239942031622e-01
5.139248859894345323e-01
7.630898285533674885e-01
1.119661039760367904e+00
1.623425463552879089e+00
2.326017757583648926e+00
3.293279445181601872e+00
4.607645162018858542e+00
6.370365555289530413e+00
8.703312306105926766e+00
1.175004869606980940e+01
1.567579770676746165e+01
2.066590932380451662e+01
2.692243108205543933e+01
3.465843222956862490e+01
4.408983144025467027e+01
5.542463588290834764e+01
6.884971456299687986e+01
8.451549215162569340e+01
1.025192430131601640e+02
1.228879620351053319e+02
1.455620550880630333e+02
1.703812892618585977e+02
1.970745334925267116e+02
2.252547715920140661e+02
2.544206612093752256e+02
2.839655395596653307e+02
3.131942554965290810e+02
3.413475743599195766e+02
3.676332128107865742e+02
3.912618854724292419e+02
4.114861598673017511e+02
4.276394938502933769e+02
4.391726301429954447e+02
4.456845829434915345e+02
4.469457803310896793e+02
4.429115000860475675e+02
4.337245023683635736e+02
4.197066431381056191e+02
4.013401553587697208e+02
3.792401161030204548e+02
3.541202910819258705e+02
3.267549981868848477e+02
2.979398204104317642e+02
2.684539194603511874e+02
2.390263786620188569e+02
2.103084873769892340e+02
1.828532370273946412e+02
1.571026068543216070e+02
1.333825497713932293e+02
1.119050084189245808e+02
9.277584498389870760e+01
7.600728120815449529e+01
6.153332211834165832e+01
4.922666484156662392e+01
3.891574492833008492e+01
3.040081095277907153e+01
2.346820507191843319e+01
1.790232617723078690e+01
1.349503272289570965e+01
1.005248198728082976e+01
7.399588187752736523e+00
5.382408833771180845e+00
3.868839381390918764e+00
2.748018186524541662e+00
1.928827505199319114e+00
1.337833490578506090e+00
9.169499307732873472e-01
6.210464244120753596e-01
4.156591973826495590e-01
2.749068799703917598e-01
1.796671622199745577e-01
1.160343818675307337e-01
7.405247241244386491e-02
4.670112238596547949e-02
2.910381752248418497e-02
1.792286710189163260e-02
1.090686394130250397e-02
6.558842343674099219e-03
3.897529161901137733e-03
2.288687196792044652e-03
1.328062127886570336e-03
7.615268660308416575e-04
4.315061124671285583e-04
2.416148148127963307e-04
1.336888085990898915e-04
7.309731609824840124e-05
3.949505245296538607e-05
2.108719644207946768e-05
1.112576488399874506e-05
5.800638454170077377e-06
2.988522996012972565e-06
1.521501174317026839e-06
7.654606450737813181e-07
3.805470218233886541e-07
1.869513790881142594e-07
9.075778834394219804e-08
4.353855591910355031e-08
2.063949285527164801e-08
9.668495702216639039e-09
4.475624891058689819e-09
2.047308727249652137e-09
9.254391759907527941e-10
4.133779507720256480e-10
1.824658611158811274e-10
7.958859156766567259e-11
3.430480088186503716e-11
1.461146868599540551e-11
6.149895351099599723e-12
2.557858201290014357e-12
1.051284084475708608e-12
4.269712171261838670e-13
1.713610026377194449e-13
6.796108048552220563e-14
2.663443206072051677e-14
1.031481614650403485e-14
3.947429910726815760e-15
1.492802139903329759e-15
5.578596571873464378e-16
2.060072702990598239e-16
7.517527486673577592e-17
2.710830648729952734e-17
9.659722154170064540e-18
3.401431801392027092e-18
1.183569557033970014e-18
4.069684006965482626e-19
1.382809893865603218e-19
4.643005009138875735e-20
1.540531955765843478e-20
5.050997528097844393e-21
1.636509330424188892e-21
5.239558586039550009e-22
1.657699479344999231e-22
5.182648878332787616e-23
1.601152351210186466e-23
4.888193773521983908e-24
1.474684293904470427e-24
4.396272271026314422e-25
1.295105039396075870e-25
3.770164418379723039e-26
1.084552232701589898e-26
3.083014308825646503e-27
8.660350982645492910e-28
2.403977128180208452e-28
6.594168718430956016e-29
1.787411976047588840e-29
4.787669440808129505e-30
1.267239018894313155e-30
3.314574623268984970e-31
8.567062805310518798e-32
2.188119244146095032e-32
5.522616751869463011e-33
1.377379805914492967e-33
3.394668747578111132e-34
8.267533781736886199e-35
1.989708427441437019e-35
4.731924274290185842e-36
