1.955243471900792959e-21
4.792334554138795836e-21
1.165332887047693515e-20
2.811314725183193308e-20
6.728612560821272500e-20
1.597710784836715634e-19
3.763807486195254684e-19
8.796567242489894402e-19
2.039649964539882794e-18
4.691963745119496047e-18
1.070804637314050755e-17
2.424501343657558513e-17
5.446170145406079811e-17
1.213714586388398563e-16
2.683481018432060544e-16
5.886227917530966124e-16
1.280950096863445476e-15
2.765565429463749047e-15
5.923689071613517154e-15
1.258801239815036215e-14
2.653863976416152064e-14
5.550814919634232361e-14
1.151838059748294845e-13
2.371279203922725242e-13
4.843179335913756361e-13
9.813750192574120524e-13
1.972858954240857193e-12
3.934718487856801565e-12
7.785524660815874001e-12
1.528335474133027539e-11
2.976501410807054775e-11
5.751088914236942832e-11
1.102429082287287878e-10
2.096562584788106812e-10
3.955684002285814533e-10
7.404435271006404331e-10
1.375051236881220619e-09
2.533392096816142039e-09
4.630656131785248639e-09
8.397291755204925025e-09
1.510749792969985945e-08
2.696512478719604516e-08
4.774950959912295357e-08
8.388648305903703770e-08
1.462081724164996493e-07
2.528179469407971358e-07
4.337113046175507075e-07
7.381594332741669840e-07
1.246396430006812908e-06
2.087943819113577990e-06
3.470068207771661418e-06
5.721551404201021137e-06
9.359360747358053250e-06
1.518920907725566417e-05
2.445573520533302712e-05
3.906455458683996332e-05
6.190726538835097275e-05
9.733229287682223672e-05
1.518199619418024492e-04
2.349402315015361182e-04
3.606969721398462468e-04
5.493943529610068087e-04
8.301995158888605996e-04
1.244621648340274054e-03
1.851180707867518304e-03
2.731598532884203356e-03
3.998908951981963548e-03
5.807948431837044699e-03
8.368749672206731230e-03
1.196341017744483211e-02
1.696703670069505190e-02
2.387336266010024396e-02
3.332558500363946158e-02
4.615285360724286079e-02
6.341265328443244920e-02
8.643902947228992995e-02
1.168962095631383563e-01
1.568366532756715337e-01
2.087619254472487806e-01
2.756840316646281819e-01
3.611840131175229618e-01
4.694636997989027893e-01
6.053856261937907712e-01
7.744952944322958110e-01
9.830193166382841241e-01
1.237832583840665412e+00
1.546387602904220060e+00
1.916599622875449827e+00
2.356682232051460435e+00
2.874929815071436412e+00
3.479445644078204225e+00
4.177817416046524457e+00
4.976745653752382204e+00
5.881634405745197469e+00
6.896157886802694925e+00
8.021820807388948538e+00
9.257533812538852658e+00
1.059922832465460552e+01
1.203953680061030518e+01
1.356756464741758172e+01
1.516877854116334134e+01
1.682503251687247925e+01
1.851474793466367785e+01
2.021325642846588266e+01
2.189330651896768032e+01
2.352572518807391333e+01
2.508021596318570801e+01
2.652626563061887666e+01
2.783412330916943489e+01
2.897580896276009099e+01
2.992610412156309607e+01
3.066347607095548966e+01
3.117088831512596769e+01
3.143645475285497071e+01
3.145390249773030433e+01
3.122281817990515407e+01
3.074866422564364754e+01
3.004256421943179589e+01
2.912086912509204240e+01
2.800452798543669530e+01
2.671829691389570627e+01
2.528982805600715267e+01
2.374868524899110156e+01
2.212533509065077908e+01
2.045016103625232162e+01
1.875254420090671204e+01
1.706004818708335691e+01
1.539773707109147693e+01
1.378764635553609708e+01
1.224841694794425173e+01
1.079509275196758011e+01
9.439073867312378852e+00
8.188210173494805844e+00
7.047014554498809424e+00
6.016971377542134292e+00
5.096914082666658352e+00
4.283445744139812383e+00
3.571377991357489901e+00
2.954166410132273768e+00
2.424324127600431478e+00
1.973799351221837028e+00
1.594306843195138157e+00
1.277607370884574545e+00
1.015732847899457614e+00
8.011580046238652164e-01
6.269219059264291571e-01
4.867044358289615014e-01
3.748640161927180303e-01
2.864433823822722380e-01
2.171502946704927939e-01
1.633197261026439473e-01
1.218634455005062067e-01
9.021211257624790758e-02
6.625411292532402963e-02
4.827445996942596879e-02
3.489623676954953235e-02
2.502628326086782026e-02
1.780617785352791443e-02
1.256902668263858332e-02
8.802158399003608830e-03
6.115518738731182471e-03
4.215353621894990174e-03
2.882646015625791019e-03
1.955713380561461233e-03
1.316363068706510615e-03
8.790281069981104728e-04
5.823531440967753912e-04
3.827601158622966461e-04
2.495878962108354776e-04
1.614644633702458170e-04
1.036303528494418260e-04
6.598627162037940170e-05
4.168471092347243766e-05
2.612501737434286484e-05
1.624399966941656508e-05
1.002042048631109297e-05
6.132471104928755899e-06
3.723416895793996176e-06
2.242871589986009785e-06
1.340367055049450143e-06
7.946935164583716413e-07
4.674467935302240766e-07
2.727855056210282476e-07
1.579308548300622315e-07
9.071294610280969837e-08
5.169257276778602134e-08
2.922426611513268494e-08
1.639138572013323517e-08
9.121039082619297815e-09
5.035348726186243168e-09
2.757854692451190875e-09
1.498545027884978116e-09
8.078389784998905672e-10
4.320523796884160309e-10
2.292474898284160598e-10
1.206783508664923270e-10
6.302469237052752921e-11
3.265492514295949716e-11
1.678584624419561131e-11
8.560406322260177652e-12
