9.595078560646323140e+00
2.493847644608102598e+01
5.955174562713353481e+01
1.306538677290294004e+02
2.633620781591265541e+02
4.877389130309375105e+02
8.298980942731777759e+02
1.297374400248837446e+03
1.863412810161055631e+03
2.458985823577870633e+03
2.981303355276539605e+03
3.320928370980991986e+03
3.398725137443359017e+03
3.195771905705089011e+03
2.760823869133762400e+03
2.191315059016957548e+03
1.597990308780496434e+03
1.070647863503251074e+03
6.590560693961751895e+02
3.727359386220790611e+02
1.936793724745037366e+02
9.246314590779029174e+01
4.055619078327614346e+01
1.634364215841918977e+01
6.051230945463608180e+00
2.058457036567352905e+00
6.433437430444038929e-01
1.847343052815553499e-01
4.873659879210661544e-02
1.181315980685465616e-02
2.630753375251325670e-03
5.382665465742036753e-04
1.011853964564820787e-04
1.747597769854241728e-05
2.773117820402931057e-06
4.042949877408545225e-07
5.415413064756265527e-08
6.664506796783334882e-09
7.535423022909223818e-10
7.827993491454474125e-11
7.471305065744977416e-12
6.551574429916463739e-13
5.278348785936358186e-14
3.907092428197634769e-15
2.657128035832996102e-16
1.660253765504897797e-17
9.531026163708499172e-19
5.026990276937904200e-20
2.436013127721269615e-21
1.084562038217116143e-22
4.436417090881386904e-24
1.667299177228056495e-25
5.757022113967265411e-27
1.826356081757988534e-28
5.323241978200012200e-30
1.425509635267303571e-31
3.507254665464396737e-33
7.928073024938893936e-35
1.646535798910962738e-36
3.141795469002772764e-38
5.507922694701577961e-40
8.871579710059090636e-42
1.312856556650333408e-43
1.784994127236918152e-45
2.229767090720189685e-47
2.559089099064094916e-49
2.698450824026197912e-51
2.614248122454561112e-53
2.326924526573445189e-55
1.902921992425222628e-57
1.429759099256809910e-59
9.869790826143186617e-62
6.259738972177149881e-64
3.647604094354367623e-66
1.952820659514564568e-68
9.605505457517428710e-71
4.340914989243686570e-73
1.802376574887147508e-75
6.875637687617240727e-78
2.409814583108671656e-80
7.759924014455968590e-83
2.295802395767281032e-85
6.240433168816654245e-88
1.558468985473214361e-90
3.575895239291211389e-93
7.538320635662919879e-96
1.460049635684132147e-98
2.598147664487965220e-101
4.247791936013157590e-104
6.380663439916131362e-107
8.805857122683590181e-110
1.116556302707232247e-112
1.300746948761986375e-115
1.392221062883532029e-118
1.369073548518459002e-121
1.236939775483987963e-124
1.026770839584110562e-127
7.830719955997133667e-131
5.486975933292922266e-134
3.532381596056958980e-137
2.089321951150839988e-140
1.135393272388899021e-143
5.668791210588104707e-147
2.600385899081406459e-150
1.095943937942141852e-153
4.243674556174790362e-157
1.509729004103073761e-160
4.934681440836741740e-164
1.481912089439843464e-167
4.088734923505039464e-171
1.036474605892065578e-174
2.413968352900456596e-178
5.165444194172968145e-182
1.015516469946677446e-185
1.834296191583703550e-189
3.044073631076142180e-193
4.641346986907717425e-197
6.501837597560663905e-201
8.368187320304166613e-205
9.895320487623676475e-209
1.075057099775468697e-212
1.073090609359056226e-216
9.841118305655651162e-221
8.291931520349403559e-225
6.419041101127314865e-229
4.565494267917976013e-233
2.983380473365195145e-237
1.791152978495379509e-241
9.880067506322597523e-246
5.007146981077522354e-250
2.331438498901177574e-254
9.973802934269402438e-259
3.920132966551362888e-263
1.415611261038006029e-267
4.696673984944804045e-272
1.431660415372352124e-276
4.009523976068943792e-281
1.031689019222668783e-285
2.438978641618697941e-290
5.297492882103449311e-295
1.057148413078058973e-299
1.938227442254236546e-304
3.264951316207299294e-309
5.053029511717690100e-314
7.236283075249233385e-319
0.000000000000000000e+00
0.000000000000000000e+00
0.000000000000000000e+00
0.000000000000000000e+00
0.000000000000000000e+00
