1.437496407938477876e-02
2.063253321463237241e-02
2.941790291107914193e-02
4.166623321107010280e-02
5.862328394069685894e-02
8.193499248207060381e-02
1.137580309120266586e-01
1.568946325990288881e-01
2.149549643927239628e-01
2.925500962411461958e-01
3.955181189724451540e-01
5.311851124849725769e-01
7.086614004032442127e-01
9.391717794579033107e-01
1.236416132617062846e+00
1.616953997810964161e+00
2.100603275988900620e+00
2.710839374518687617e+00
3.475176800339255578e+00
4.425510710581861851e+00
5.598391433931348082e+00
7.035200800777827723e+00
8.782195635933963018e+00
1.089038139874457833e+01
1.341517815867203112e+01
1.641584233074660659e+01
1.995461129304571912e+01
2.409554452082429776e+01
2.890304443032892578e+01
3.444005279188446167e+01
4.076593419638773952e+01
4.793407624509187315e+01
5.598925621576621836e+01
6.496484500696587361e+01
7.487993999745447127e+01
8.573653770104048988e+01
9.751687324200239004e+01
1.101810651851526046e+02
1.236652096729619785e+02
1.378800659046376609e+02
1.527104648296935636e+02
1.680155540661894236e+02
1.836299645852061531e+02
1.993659493326954362e+02
2.150165020207053033e+02
2.303594177421695122e+02
2.451622082889105627e+02
2.591877368998060547e+02
2.722003926512931002e+02
2.839725868288125525e+02
2.942913251501789773e+02
3.029645929540292855e+02
3.098272870623831636e+02
3.147464388027874520e+02
3.176254975434212611e+02
3.184074820190944592e+02
3.170768557718271268e+02
3.136600404787193952e+02
3.082245434748133448e+02
3.008767397164791078e+02
2.917584099870854288e+02
2.810421927087850236e+02
2.689261531100088973e+02
2.556277081781286995e+02
2.413771670909738987e+02
2.264111538794106764e+02
2.109661720808968823e+02
1.952725511523691182e+02
1.795489832526134251e+02
1.639978191236342866e+02
1.488012460461227704e+02
1.341184222439315477e+02
1.200835936504823849e+02
1.068051733624453306e+02
9.436572371278190019e+01
8.282274747705615425e+01
7.221016945440680956e+01
6.254037307965083414e+01
5.380664876914878647e+01
4.598591079686524807e+01
3.904154663011934190e+01
3.292627551472563852e+01
2.758491019858456994e+01
2.295693548140584639e+01
1.897883829470991301e+01
1.558614491785284883e+01
1.271514060452093453e+01
1.030426446660134232e+01
8.295187345235706999e+00
6.633592262154595964e+00
5.269685796921272036e+00
4.158474488046305595e+00
3.259843375648264097e+00
2.538474467600474238e+00
1.963641660662179156e+00
1.508915945962286287e+00
1.151811025216184836e+00
8.733951725026568580e-01
6.578906520391062385e-01
4.922775342390457443e-01
3.659145596155437552e-01
2.701859345124554834e-01
1.981796948769511679e-01
1.444005830927214684e-01
1.045182455561738805e-01
7.514994166124504271e-02
5.367580384623656109e-02
3.808393709086149714e-02
2.684222384039073109e-02
1.879353689399415606e-02
1.307109348249334627e-02
9.030851336581800087e-03
6.198103700363928256e-03
4.225735946301187144e-03
2.861931574460255690e-03
1.925437868072687846e-03
1.286806199164834078e-03
8.542995007321395502e-04
5.634047877900723138e-04
3.691002051865970696e-04
2.402046511877166705e-04
1.552858598417972244e-04
9.972310270705772323e-05
6.361697670993137984e-05
4.031471951225954706e-05
2.537859829667166257e-05
1.587029476853108202e-05
9.858610929560371675e-06
6.083588557708468067e-06
3.729214067996211234e-06
2.270848525184098460e-06
1.373638297829106527e-06
8.254104977715948500e-07
4.926981799696216135e-07
2.921496030475811970e-07
1.720849998307721564e-07
1.006917997721889818e-07
5.852731002400209946e-08
3.379375078230757751e-08
1.938329487282265536e-08
1.104414705876720051e-08
6.251009108747767948e-09
3.514644918880026578e-09
1.963026449842002815e-09
1.089141283291900429e-09
6.002824706913970132e-10
3.286551751931242283e-10
1.787469589767959413e-10
9.657177660031476197e-11
5.182927726478889549e-11
