7.946453666726136780e-05
1.954144504582480235e-04
4.695373231096959142e-04
1.102335230106802179e-03
2.528642186065121426e-03
5.667495638617182398e-03
1.241152464235859877e-02
2.655762272106418700e-02
5.552433731671143485e-02
1.134247144818043562e-01
2.263925489964984383e-01
4.415162452347242139e-01
8.413203037679939378e-01
1.566412629425346426e+00
2.849581652996865611e+00
5.065078256014827751e+00
8.796731517336057848e+00
1.492748483181400054e+01
2.475039097486418882e+01
4.009660597185683883e+01
6.346923819370363162e+01
9.816328472968091035e+01
1.483422981032575763e+02
2.190337542681727712e+02
3.160000964930395071e+02
4.454444038180445773e+02
6.135216927249776973e+02
8.256509075563194529e+02
1.085658222767973484e+03
1.394825611890759546e+03
1.750962417064268720e+03
2.147651745656575713e+03
2.573836871539391723e+03
3.013896267433720368e+03
3.448305279224141941e+03
3.854901071923858126e+03
4.210666948042836339e+03
4.493851005150488163e+03
4.686154153746970223e+03
4.774683583961188560e+03
4.753382311481149372e+03
4.623714595688048576e+03
4.394499464504830939e+03
4.080918642246813306e+03
3.702853938429582286e+03
3.282806992511472345e+03
2.843703039016067123e+03
2.406873460766424614e+03
1.990455158695591763e+03
1.608354068307285615e+03
1.269816744244413712e+03
9.795589137539229796e+02
7.383294577775063772e+02
5.437508580191177998e+02
3.912729621092371985e+02
2.750995277613889698e+02
1.889861489973453104e+02
1.268528502443936645e+02
8.319564785192579848e+01
5.331275306183594864e+01
3.338041531718037191e+01
2.042125768602605262e+01
1.220684300379943110e+01
7.129422564391922457e+00
4.068510840141754237e+00
2.268541468198240096e+00
1.235913543047644447e+00
6.578995416775860194e-01
3.421851830905570657e-01
1.738973406569999658e-01
8.634850139508148947e-02
4.189351422689494703e-02
1.985952717142556653e-02
9.198587415769071338e-03
4.162972090401057326e-03
1.840839745075548931e-03
7.953505569742595803e-04
3.357618278103784723e-04
1.384950256669584213e-04
5.581708519773499337e-05
2.198012996279591610e-05
8.457139262870694185e-06
3.179412168940860153e-06
1.167885606227469593e-06
4.191639300239705738e-07
1.469933288156408442e-07
5.036646495817926543e-08
1.686224672306497841e-08
5.515939986697294913e-09
1.763005832982466420e-09
5.505770313315353583e-10
1.680012659087248155e-10
5.008839808842497838e-11
1.459122836242158191e-11
4.153141140145961011e-12
1.155025706593294214e-12
3.138605515965803591e-13
8.333202606669760703e-14
2.161808759437777003e-14
5.479648832076058676e-15
1.357120172842702102e-15
3.284082123339620083e-16
7.764970949136798334e-17
1.793889903604522243e-17
4.049317773491667525e-18
8.930958219832866651e-19
1.924617274376297613e-19
4.052479486081389466e-20
8.337337734415489251e-21
1.675961692825269840e-21
3.291780778124807055e-22
6.317246825210772208e-23
1.184554128119430354e-23
2.170261664684216423e-24
3.885075039471630012e-25
6.795428507340638096e-26
1.161353432286689983e-26
1.939287024502735966e-27
3.164097804320087119e-28
5.044148118287757017e-29
7.856984316139787660e-30
1.195787654520557031e-30
1.778207216391146637e-31
2.583692325518347312e-32
3.668000159200241829e-33
5.088010751095740917e-34
6.895993105408992912e-35
9.132206866148759490e-36
1.181638919034829996e-36
1.493908355991212894e-37
1.845411616312804305e-38
2.227371546396759689e-39
2.626770974257332197e-40
3.026787095885517244e-41
3.407780886020864960e-42
3.748793993307195216e-43
4.029411410408429678e-44
4.231767241199614312e-45
4.342422302373383290e-46
4.353839994718302981e-47
4.265235314638217465e-48
4.082664119582839974e-49
3.818338544486645674e-50
3.489276092818344601e-51
3.115490002677781752e-52
2.717987862151298775e-53
2.316854644469023872e-54
1.929657298234893044e-55
1.570332824552474983e-56
1.248628820799529677e-57
9.700745817087272796e-59
7.363885364189552447e-60
5.461840794038168901e-61
3.958231388529081518e-62
2.802808615546928667e-63
1.939169773397107540e-64
1.310896325334629141e-65
8.658665909754699356e-67
5.588094523039231646e-68
3.523762489233022303e-69
2.171099045895391488e-70
1.307021611489039500e-71
7.688046911090007258e-73
4.418546242431302529e-74
2.481263620592027209e-75
1.361433822128974155e-76
7.298780227735934535e-78
3.823262895208628086e-79
1.956807755475384713e-80
9.785708703066845718e-82
4.781526095523766415e-83
2.282815962801299720e-84
1.064891584545576057e-85
4.853667403109660922e-87
2.161547357384861774e-88
9.405667472591024254e-90
3.998937441736388279e-91
1.661229840039371085e-92
6.742872702245416878e-94
2.674178062620615269e-95
1.036253013769232647e-96
3.923479748624412952e-98
1.451466938074972391e-99
5.246540191038834330e-101
1.852972543809460101e-102
6.394330626511563395e-104
2.156012706409560329e-105
7.102932174629738159e-107
2.286410169414703502e-108
7.191189650064732848e-110
2.209924646452723395e-111
6.635662856714113789e-113
1.946799755911533998e-114
5.580696155046227525e-116
1.563095799769039536e-117
4.277725752988417265e-119
1.143853497265673546e-120
2.988532576474912541e-122
7.629142166698201301e-124
1.902933209740993349e-125
