1.547738249142457887e-13
3.810302839009872455e-13
9.272279944242504786e-13
2.230378848733937647e-12
5.303173093669992368e-12
1.246401689843631549e-11
2.895645002807332281e-11
6.649632865278276652e-11
1.509437309020220717e-10
3.386862414554672977e-10
7.511818580890414538e-10
1.646863820342456388e-09
3.568907966299922776e-09
7.645010223861167842e-09
1.618772635729939945e-08
3.388119347024640394e-08
7.009654421592048642e-08
1.433506204978672744e-07
2.897794665326669524e-07
5.790295153204386041e-07
1.143665070416287980e-06
2.232862985192830147e-06
4.309137512349089045e-06
8.220224799822424465e-06
1.550037115121391640e-05
2.889119876599744409e-05
5.322970862444242435e-05
9.694104065411477821e-05
1.745124148054720201e-04
3.105346314083545886e-04
5.462089536066828347e-04
9.496698520446113971e-04
1.632117981062667722e-03
2.772652929268991200e-03
4.655909516460071500e-03
7.728204675894292594e-03
1.267995643396760581e-02
2.056468062371429040e-02
3.296789655738934649e-02
5.224269476039370558e-02
8.183233885394612661e-02
1.267037356026844419e-01
1.939183631683278619e-01
2.933685240784543180e-01
4.387055787513144400e-01
6.484819019714240795e-01
9.475183406547637022e-01
1.368492595904404974e+00
1.953720083246712536e+00
2.757066818856025225e+00
3.845893947759616793e+00
5.302887072971278037e+00
7.227573472227078355e+00
9.737281234274691499e+00
1.296725268787252539e+01
1.706959810733740213e+01
2.221077333891145500e+01
2.856729543603957566e+01
3.631948101852604083e+01
4.564310742845255220e+01
5.669905697422469615e+01
6.962120397793448490e+01
8.450303065535833014e+01
1.013836919923925137e+02
1.202344668265423024e+02
1.409467035838329991e+02
1.633224651432790040e+02
1.870690718856735941e+02
2.117986163616398017e+02
2.370332698417477104e+02
2.622168273883162328e+02
2.867324669633886174e+02
3.099261675691746518e+02
3.311346917818088968e+02
3.497165465874596180e+02
3.650839507313217496e+02
3.767336071794759391e+02
3.842740417010521696e+02
3.874474388202213504e+02
3.861442768957334124e+02
3.804096037168040425e+02
3.704404511133697042e+02
3.565745955181928366e+02
3.392715586432362898e+02
3.190873385463899012e+02
2.966448077739816540e+02
2.726019716848488770e+02
2.476203288855852804e+02
2.223354231880044836e+02
1.973313507195887553e+02
1.731205318913397946e+02
1.501295313147508921e+02
1.286911677621130821e+02
1.090426548347603557e+02
9.132909484202532724e+01
7.561134301293587612e+01
6.187708024099274695e+01
5.005387851628216112e+01
4.002309959951649887e+01
3.163361072451442269e+01
2.471450259488478807e+01
1.908622522754757611e+01
1.456978947486469345e+01
1.099389463784839371e+01
8.200020278937186546e+00
6.045654777737270003e+00
4.405922198728219996e+00
3.173915539267454733e+00
2.260054797216850098e+00
1.590770888297831975e+00
1.106780151300838178e+00
7.611673503573804789e-01
5.174447709363847459e-01
3.477065850354875143e-01
2.309547457194362774e-01
1.516372597378839726e-01
9.841244607412329148e-02
6.313340126434158206e-02
4.003440791435972090e-02
2.509416183754040880e-02
1.554808982648304104e-02
9.522400632792627634e-03
5.764755864364351674e-03
3.449693036448812922e-03
2.040539688337317768e-03
1.193094111496814831e-03
6.895558071027030377e-04
3.939392013700274207e-04
2.224610803301974330e-04
1.241777955035900576e-04
6.851709025184741272e-05
3.736964212872104609e-05
2.014670504690203550e-05
1.073628866184636577e-05
5.655478985035016977e-06
2.944758392207095324e-06
1.515636324513539338e-06
7.710905918184188818e-07
3.877759452866552226e-07
1.927619841893642051e-07
9.471679035723951340e-08
4.600421447307575753e-08
2.208682692769054988e-08
1.048175727463198482e-08
4.916996860140666148e-09
2.279978886501310597e-09
1.045025243926189359e-09
4.734649122696021283e-10
2.120380881397341282e-10
9.386528901237490229e-11
4.107345399515465095e-11
1.776570684096967454e-11
7.595717762209933640e-12
3.210112174430642440e-12
1.341024339152465490e-12
5.537556541901001226e-13
2.260293046739666554e-13
9.119612523431658133e-14
3.637081940624160447e-14
1.433820701957713237e-14
5.587295869475818343e-15
2.152155040301377559e-15
8.194274368785906515e-16
3.083986796843719527e-16
1.147306834653447861e-16
4.219021254918521238e-17
1.533588728037609281e-17
5.510248235788452102e-18
1.957034503234401911e-18
6.870539846770829694e-19
2.384230859640353688e-19
8.178446346391096922e-20
2.773054307290326411e-20
9.294178363596540018e-21
3.079134732015003772e-21
1.008350328698391258e-21
3.264068451090014274e-22
1.044412673904740150e-22
3.303315618493999157e-23
1.032744926460715347e-23
3.191546169268002121e-24
9.749318409483181782e-25
2.943828053388878582e-25
8.786495412357393305e-26
2.592292453210447234e-26
7.559922899594272202e-27
2.179293879122015528e-27
6.209824031800385385e-28
1.749072655796575663e-28
4.869691720517299118e-29
1.340170793678696091e-29
3.645724874558237156e-30
9.803309086473467272e-31
2.605712892396166149e-31
6.846135488360815697e-32
1.777990678395039865e-32
4.564345715459890849e-33
1.158224227990006160e-33
2.905171807723878072e-34
7.203043849956935308e-35
